aaa=1;
eee=5555;